100
492.44721 1.04400 1969.49690
96.56 4.00000 1908.92988
150.00000 2.00000 300.00000
493.09441 1.28940 1909.65414
32.04832 1.80835 1836.10809
493.02348 1.10302 1963.33084
494.57885 1.04709 1950.03843
440.95018 1.29045 1781.36430
491.70932 1.27961 1997.49661
67.0 4.0 1408.0
490.47338 1.29328 1903.16909
203.0 3.0 1179.0
162.8591 2.30561 1348.0
417.0 1.0 1884.0
494.75307 1.21886 1917.94740
38.4 2.886 1.0
493.35421 1.36159 1972.60859
493.51042 1.29061 1987.64211
16.0 2.0 1236.0
169.0 1.0 1691.0
492.44150 1.30693 1989.51456
497.78110 1.21403 1957.66365
120.07955 3.69750 1970.12883
1.00000 1.1228 131.0
497.35 3.6 2000.0000
126.91957 1.02876 608.57424
495.54390 1.18192 1907.38651
490.72834 1.17850 1970.18625
1.07590 3.01298 1999.18822
315.0 3.540 659.7636
455.00000 2.00000 910.00000
477.69700 2.55983 109.66862
491.48370 1.39296 1984.92289
2.18969 1.89400 1895.97941
493.84930 1.28293 1906.58309
497.76248 1.07817 1953.35575
493.26778 1.36679 1911.67717
139.2284 1.092 243.0
396.82412 3.64428 51.46228
79.0 1.0 1305.0
416.52519 1.61636 1642.64362
265.9913 4.0 863.00105
490.04962 1.49924 1978.94145
497.85212 1.06890 1912.36657
167.8663 3.489 676.177
1.02336 3.85523 1999.56390
497.09631 1.22389 1963.04671
1.43782 3.29333 3.14612
18.25095 1.50387 1231.44101
16.37104 2.48554 1029.0
492.0 2.0 778.0
450.46484 3.11408 12.73450
494.46008 1.47194 1912.35154
336.70 3.80170 1707.08
429.06375 2.82796 1725.78441
267.00000 3.00000 307.00000
425.319 1.0 402.65461
188.70 1.0 684.3
1.01302 3.53633 1999.56523
1.05130 3.44197 1999.86520
334.963 3.300 757.7
144.20 3.9 1034.7940
454.0 3.0 34.0
498.92272 1.33961 1933.58525
182.00000 2.00000 364.00000
498.93412 1.07069 1901.78522
450.72741 1.63184 306.26894
500.0 2.2 318.349
495.22034 1.13331 1978.49419
493.05712 1.08157 1975.55764
491.67944 1.34531 1923.28502
440.74540 3.70995 1728.53632
451.00000 3.00000 485.00000
256.0 1.0 456.0
499.00000 4.00000 540.00000
114.28961 1.83561 1031.62194
273.0 4.0 1156.0
496.39297 1.31364 1942.61415
411.00000 2.00000 428.00000
266.1076 1.34 1780.0
111.30773 3.81704 344.25286
127.75966 3.97687 69.16273
149.0 2.0 1970.0
493.90079 1.18862 1931.92755
157.0 2.0 725.0
343.71506 1.87787 1706.97339
495.29091 1.19798 1948.85997
473.55858 1.53199 624.13082
497.27494 1.37222 1996.27936
495.16702 1.35908 1992.69200
490.86222 1.21236 1957.25514
494.43446 1.23042 1992.80394
69.0 4.0 1890.0
405.0 2.0 881.0
356.66903 3.55414 993.21006
495.36305 1.05405 1989.03642
273.00000 2.00000 546.00000
208.62161 3.97636 146.50176
164.0 1.9118 35.47105
492.57541 1.38803 1983.88278
