50
10
0.632 0.340 0.821 0.208 0.377 0.255 0.698 0.623 0.170 0.670
0.906 0.717 0.075 0.915 0.708 0.651 0.953 0.745 0.142 0.830
10
0.72 0.63 0.65 0.79 0.84 0.70 0.91 0.74 0.67 0.88
0.51 0.40 0.49 0.16 0.44 0.21 0.47 0.02 0.42 0.26
10
0.91 0.63 0.96 0.80 0.68 0.86 0.70 0.95 0.75 0.71
0.12 0.55 0.02 0.46 0.41 0.21 0.37 0.25 0.27 0.07
10
0.27 0.30 0.71 0.96 0.49 0.09 0.90 0.83 0.77 0.41
0.59 0.97 0.53 0.93 0.89 0.56 0.87 0.36 0.63 0.47
7
0.07 0.95 0.50 0.04 0.39 0.55 0.27
0.18 0.83 0.43 0.05 0.89 0.45 0.19
1
0.5
0.7
10
0.870 0.796 0.611 0.731 0.630 0.620 0.657 0.833 0.759 0.852
0.269 0.333 0.278 0.130 0.537 0.343 0.444 0.315 0.259 0.287
7
0.44 0.71 0.47 0.54 0.49 0.79 0.31
0.87 0.57 0.26 0.62 0.14 0.43 0.68
4
0.66 0.19 0.03 0.16
0.72 0.78 0.94 0.88
2
0.1 0.8
0.9 0.4
10
0.91 0.81 0.77 0.51 0.55 0.85 0.83 0.96 0.79 0.92
0.49 0.06 0.08 0.02 0.34 0.17 0.13 0.43 0.38 0.21
8
0.05 0.62 0.69 0.28 0.79 0.33 0.64 0.54
0.76 0.03 0.98 0.59 0.29 0.09 0.92 0.44
3
0.1 0.8 0.7
0.2 0.4 0.6
6
0.49 0.93 0.39 0.04 0.75 0.11
0.09 0.35 0.96 0.23 0.47 0.16
10
0.45 0.55 0.48 0.88 0.85 0.95 0.89 0.83 0.53 0.68
0.42 0.03 0.17 0.29 0.23 0.41 0.38 0.18 0.33 0.06
7
0.28 0.06 0.32 0.50 0.04 0.42 0.36
0.72 0.80 0.92 0.98 0.84 0.70 0.64
1
0.25
0.08
6
0.10 0.35 0.29 0.13 0.45 0.26
0.58 0.97 0.84 0.87 0.77 0.90
10
0.48 0.13 0.39 0.29 0.19 0.87 0.10 0.94 0.84 0.61
0.58 0.55 0.90 0.97 0.03 0.26 0.32 0.71 0.77 0.42
10
0.20 0.33 0.13 0.11 0.07 0.24 0.09 0.17 0.30 0.15
0.37 0.59 0.74 0.43 0.72 0.35 0.50 0.80 0.96 0.52
1
0.5
0.2
3
0.90 0.97 0.55
0.59 0.48 0.14
10
0.14 0.32 0.38 0.25 0.23 0.31 0.06 0.20 0.43 0.15
0.62 0.69 0.71 0.91 0.54 0.92 0.75 0.55 0.48 0.95
10
0.75 0.58 0.88 0.76 0.96 0.21 0.40 0.19 0.37 0.54
0.57 0.85 0.27 0.79 0.81 0.93 0.13 0.78 0.60 0.42
10
0.150 0.972 0.822 0.925 0.383 0.701 0.355 0.327 0.495 0.308
0.093 0.907 0.682 0.607 0.514 0.262 0.224 0.766 0.916 0.720
10
0.73 0.83 0.84 0.75 0.62 0.64 0.55 0.58 0.79 0.60
0.48 0.35 0.45 0.25 0.26 0.06 0.32 0.38 0.44 0.22
10
0.788 0.875 0.115 0.683 0.500 0.337 0.817 0.087 0.990 0.654
0.635 0.183 0.942 0.471 0.769 0.952 0.288 0.038 0.606 0.019
10
0.35 0.13 0.59 0.75 0.73 0.33 0.55 0.96 0.90 0.02
0.40 0.39 0.45 0.93 0.51 0.01 0.05 0.20 0.34 0.30
10
0.46 0.58 0.42 0.79 0.67 0.71 0.96 0.62 0.25 0.54
0.17 0.38 0.04 0.29 0.75 0.12 0.92 0.08 0.50 0.21
7
0.17 0.28 0.89 0.57 0.37 0.83 0.52
0.32 0.78 0.68 0.63 0.58 0.71 0.55
10
0.94 0.55 0.90 0.50 0.62 0.43 0.31 0.72 0.97 0.30
0.20 0.22 0.02 0.05 0.03 0.27 0.12 0.21 0.14 0.04
1
0.73
0.45
10
0.71 0.44 0.06 0.57 0.59 0.92 0.23 0.24 0.14 0.79
0.86 0.67 0.95 0.09 0.40 0.22 0.56 0.51 0.94 0.07
2
0.87 0.38
0.04 0.71
10
0.76 0.70 0.03 0.45 0.06 0.95 0.59 0.27 0.69 0.34
0.55 0.60 0.73 0.50 0.20 0.31 0.33 0.84 0.10 0.94
10
0.71 0.75 0.54 0.25 0.86 0.93 0.89 0.39 0.68 0.57
0.18 0.50 0.46 0.43 0.64 0.29 0.07 0.61 0.14 0.96
10
0.30 0.20 0.10 0.19 0.36 0.25 0.22 0.21 0.05 0.06
0.48 0.56 0.59 0.65 0.95 0.47 0.74 0.53 0.81 0.72
10
0.91 0.77 0.59 0.25 0.78 0.39 0.89 0.12 0.84 0.86
0.52 0.16 0.17 0.11 0.69 0.67 0.33 0.98 0.08 0.64
10
0.48 0.01 0.46 0.36 0.10 0.54 0.67 0.44 0.61 0.69
0.39 0.59 0.89 0.17 0.16 0.58 0.70 0.30 0.98 0.82
6
0.13 0.27 0.03 0.07 0.37 0.30
0.80 0.40 0.63 0.57 0.67 0.97
10
0.27 0.05 0.11 0.40 0.03 0.30 0.44 0.43 0.57 0.42
0.60 0.97 0.58 0.78 0.65 0.89 0.62 0.76 0.98 0.80
2
0.96 0.74
0.35 0.61
6
0.84 0.70 0.73 0.78 0.49 0.35
0.32 0.03 0.11 0.30 0.08 0.14
10
0.505 0.369 0.351 0.063 0.045 0.802 0.613 0.829 0.216 0.486
0.541 0.009 0.081 0.532 0.117 0.288 0.766 0.964 0.649 0.550
9
0.90 0.88 0.84 0.29 0.76 0.55 0.41 0.65 0.18
0.20 0.31 0.08 0.63 0.86 0.92 0.94 0.53 0.69
5
0.27 0.60 0.47 0.40 0.07
0.87 0.13 0.67 0.53 0.93
10
0.63 0.13 0.89 0.28 0.80 0.93 0.44 0.94 0.39 0.59
0.22 0.37 0.24 0.41 0.56 0.70 0.30 0.85 0.52 0.83
7
0.95 0.78 0.55 0.30 0.08 0.37 0.27
0.38 0.98 0.97 0.12 0.53 0.93 0.10
1
0.4
0.9
10
0.47 0.11 0.13 0.86 0.59 0.56 0.49 0.09 0.04 0.52
0.81 0.90 0.30 0.25 0.85 0.62 0.06 0.83 0.43 0.98
