100
5 327
178 172 177 260 183
10 611
469 97 495 31 247 341 15 413 387 198
10 591
436 463 471 492 550 415 522 410 477 491
9 521
431 259 259 174 259 174 259 408 174
1 14
2
1 80
50
3 534
380 385 243
10 447
371 86 371 357 86 371 357 371 309 373
6 658
340 180 402 191 474 33
10 225
19 22 51 141 76 183 177 212 152 206
6 601
472 27 58 543 574 129
10 60
25 13 9 51 15 39 42 22 20 18
4 429
180 339 199 231
7 466
218 232 373 301 396 324 284
9 555
36 52 539 280 524 190 81 464 133
5 518
371 462 462 462 371
10 74
4 64 18 28 28 27 16 40 7 16
4 461
258 421 321 214
7 457
191 170 170 100 170 100 191
10 150
135 75 121 85 121 81 42 150 90 144
6 378
322 244 339 176 262 237
4 312
229 196 194 186
6 434
269 277 97 255 263 366
2 529
496 388
10 178
51 51 10 87 8 101 114 22 67 89
8 645
509 225 482 299 310 544 282 523
10 679
368 418 82 44 293 663 373 630 215 464
10 322
4 318 158 273 65 49 257 23 164 299
1 222
75
10 515
257 495 310 296 471 401 71 473 285 24
10 89
39 24 47 44 65 24 42 45 65 50
8 252
157 237 158 183 145 219 152 9
7 570
464 533 509 338 516 521 381
10 143
15 34 129 126 54 3 135 105 15 30
4 528
250 425 201 528
8 636
193 151 119 443 517 145 485 491
10 147
72 97 39 29 72 131 130 55 51 135
4 630
367 272 310 429
1 39
1
10 584
70 42 257 514 496 327 88 440 144 542
8 494
18 241 431 23 431 241 125 23
10 1
1 1 1 1 1 1 1 1 1 1
6 458
196 253 372 206 263 87
5 443
68 186 406 402 74
8 507
440 462 439 494 404 435 379 411
4 616
414 287 492 280
2 433
281 296
9 672
546 243 474 290 575 506 374 490 319
10 700
1 1 1 1 1 1 1 1 1 1
10 238
202 138 229 14 125 168 2 157 229 79
4 270
35 195 71 199
10 345
190 101 97 235 151 79 245 41 327 235
6 657
559 573 84 518 139 98
10 649
248 367 157 221 367 221 292 248 221 292
10 403
174 311 311 336 174 10 163 163 163 163
10 536
17 194 259 282 474 499 522 396 466 272
10 653
574 576 198 407 118 200 633 342 89 461
8 82
61 17 46 11 66 22 72 37
8 280
247 147 203 265 193 207 184 194
10 353
237 239 274 52 291 54 297 300 237 131
5 434
288 261 259 375 286
6 266
217 83 72 184 195 50
10 657
322 65 401 228 637 206 230 464 463 309
5 125
50 69 19 42 38
5 504
467 312 500 311 328
10 211
66 125 199 174 35 70 182 56 20 121
9 426
75 335 17 383 388 287 409 204 52
10 236
11 186 72 70 42 176 146 147 151 57
6 260
243 235 208 237 241 199
10 610
603 294 272 46 315 23 114 494 236 235
10 217
176 187 161 208 59 24 118 27 26 135
5 561
411 399 535 428 506
10 663
284 315 219 578 475 463 258 633 131 498
10 163
40 114 109 37 40 155 82 76 19 124
6 413
199 397 270 160 293 179
10 591
362 282 554 339 414 283 110 141 454 138
5 465
25 25 89 89 25
10 506
348 237 413 441 441 272 58 237 237 441
10 483
267 33 349 162 9 425 255 251 409 455
10 621
145 502 563 65 253 236 372 26 266 307
8 340
258 321 233 244 175 319 234 336
5 523
420 453 256 416 148
5 248
224 235 106 127 138
5 612
551 187 187 551 187
10 517
501 208 263 447 278 58 478 101 310 503
5 225
216 92 200 139 216
10 260
1 203 68 70 219 147 254 236 144 127
6 308
302 182 24 126 284 6
10 628
130 18 2 581 91 235 523 491 172 607
8 221
202 128 74 93 147 21 19 200
4 673
268 521 371 408
10 625
375 465 244 524 52 207 223 361 301 224
7 299
139 164 210 126 150 61 106
2 511
378 258
3 389
276 356 360
10 51
32 8 46 15 16 4 44 12 37 48
7 497
187 212 206 476 464 318 423
6 450
2 448 311 139 201 249
10 562
209 538 550 229 80 253 335 293 97 464
8 463
36 416 310 153 427 175 288 47
