100
1 24.3014 99.9000
38.9364 99.9000
1 10.0000 50.0000
0.2000 50.0000
2 0.0009 46.9710
19.9818 46.9710
0.0002 83.0459
2 0.0010 50.7651
0.0005 50.7651
99.9996 30.0867
2 59.1081 96.8236
85.9566 98.5488
45.9915 93.5993
2 0.0002 98.0518
0.0003 19.7380
99.9990 98.4284
2 99.9996 10.4059
100.0000 7.8837
58.4887 12.9280
2 80.8464 95.2797
70.7068 93.1782
28.5984 42.1707
2 99.9990 16.8560
99.9999 69.9520
99.9999 16.8560
2 0.0003 94.9535
0.0011 94.9535
0.0009 63.6814
2 100.0000 88.3983
0.0001 88.3983
99.9999 88.3984
2 100.0000 31.3133
14.5944 18.5915
31.0177 44.0351
2 99.9999 66.4814
0.0007 66.4814
52.3213 28.9422
2 0.0001 62.3798
0.0007 74.3116
0.0009 50.4481
1 62.2834 0.1000
64.2037 68.9430
2 0.0001 9.5065
50.9226 5.2157
63.0806 13.7972
2 99.9994 85.9182
0.0010 85.2233
99.9998 85.9182
2 99.9993 37.5086
99.9990 75.5325
0.0002 37.5086
2 99.9993 85.2504
99.9996 90.4659
99.9992 85.2504
2 0.0003 77.2970
99.9991 77.2970
0.0010 16.3997
2 99.9993 30.8738
0.0003 30.9070
99.9996 30.0984
2 99.9995 21.6654
0.0005 21.6654
0.0001 15.6497
2 0.0001 0.1001
0.0001 0.1000
0.0001 0.1003
2 100.0000 65.1586
0.0001 65.1587
99.9999 65.1586
2 0.0006 52.8463
0.0002 52.8463
99.9998 12.5005
2 0.0007 42.4757
99.9996 51.6902
0.0007 42.4757
2 99.9993 17.4498
0.0009 17.4260
99.9997 26.9075
2 32.1557 96.2940
0.0002 96.2940
0.0001 96.2940
2 0.0005 73.0550
100.0000 96.5954
75.2843 49.5146
1 10.5080 0.1000
84.2800 0.1000
2 22.2222 46.2282
12.6892 46.2275
85.4177 36.9274
2 0.0004 47.8839
99.9998 23.9595
0.0003 71.8084
2 99.9993 58.0987
0.0007 9.7926
0.0003 58.4115
2 99.9994 34.5550
99.9996 34.5195
99.9994 74.8902
2 99.9994 79.7290
0.0006 79.7290
0.0010 9.8858
2 0.0001 77.2831
0.0001 97.3911
0.0001 57.1751
2 9.8514 96.2795
54.8426 97.5356
76.6377 95.3806
2 99.9992 58.2197
0.0005 26.5483
0.0004 89.8912
2 99.9992 93.9468
99.9995 29.6788
99.9991 94.2641
2 99.9992 54.8571
99.9994 76.5381
99.9990 33.1760
2 29.7678 21.1326
89.2747 21.1326
28.3066 21.1326
2 99.9992 0.8830
99.9994 81.6336
99.9994 0.8840
2 99.9996 92.0545
99.9997 11.8189
0.0011 92.2572
2 100.0000 65.1587
0.0001 65.1587
99.9999 65.1586
2 99.9990 89.2787
99.9998 77.2063
99.9997 89.2787
1 64.9393 4.0634
4.2185 4.0645
2 99.9995 13.2642
99.9992 13.2459
100.0000 51.1386
2 44.0170 65.0099
96.9811 25.6443
6.1051 25.6443
2 97.6214 61.2329
12.3703 15.9818
26.1562 28.1544
2 99.9993 1.3412
99.9990 29.2917
0.0007 1.3412
2 0.0004 84.2431
0.0008 54.4926
99.9995 84.2431
1 2.5156 92.7608
23.4319 92.7608
2 0.0006 77.0278
99.9999 77.0278
0.0001 74.2479
2 0.0003 66.2494
99.9992 66.1726
0.0003 77.3914
2 0.0001 0.1000
0.0001 0.1002
0.0001 0.1001
2 19.0500 99.9000
12.3560 10.8441
58.0105 85.6504
2 99.9997 91.6629
0.0002 92.9939
99.9991 90.3319
2 99.9994 71.5553
93.5916 72.0545
99.9996 42.4470
2 100.0000 90.5457
0.0002 90.4512
0.0005 95.2542
2 99.9995 53.4049
0.0004 81.3373
0.0002 53.3355
2 0.0008 63.4175
99.9992 63.8143
0.0008 50.7059
2 0.0008 92.9238
99.9993 80.4864
99.9994 93.8139
2 0.0004 55.7726
0.0010 55.9891
99.9996 20.4999
2 99.9992 61.5440
0.0002 22.6868
0.0008 61.9066
2 30.0000 65.4321
0.0001 50.0000
100.0000 99.9000
2 99.9996 39.2420
0.0004 39.2420
99.9996 26.2683
2 0.0001 50.8905
0.0006 80.3797
0.0008 50.8155
2 44.1354 27.1293
97.1098 27.1304
90.7186 95.3978
2 99.9990 42.7285
99.9997 83.9364
68.9496 1.5205
2 0.0007 20.9679
99.9991 94.5688
99.9992 20.9679
2 0.0005 10.2350
0.0010 10.2350
0.0010 25.1031
2 0.0009 35.7722
99.9995 69.8648
99.9991 1.6797
2 99.9993 8.1517
99.9998 11.5339
99.9994 4.7696
2 0.0009 28.9304
0.0007 11.8396
0.0007 29.1723
2 0.0008 50.6640
94.7262 50.6640
0.0010 58.5531
2 0.0001 67.1497
0.0009 67.1497
0.0010 68.9002
2 99.9991 33.2505
99.9993 11.3375
99.9998 33.2505
2 99.9998 44.9488
0.0006 1.6677
99.9997 44.9488
2 0.0005 6.1492
99.9995 54.4524
46.7640 6.1428
2 99.9995 28.7422
80.3785 0.1692
99.9999 28.7422
2 0.0009 41.2254
0.0002 41.2254
99.9990 92.4915
2 0.0001 25.1598
80.1223 41.9144
21.0644 8.4052
2 41.3527 85.9096
100.0000 85.9096
99.9999 85.9096
2 0.0010 96.6186
99.9995 96.6186
99.9997 40.4434
2 99.9996 46.8128
14.8403 46.8128
0.0006 72.6279
2 100.0000 75.6127
70.0263 75.6127
27.0364 27.7990
2 0.0005 71.9306
0.0006 71.9306
99.9997 54.1398
2 99.9996 22.9877
0.0009 22.9877
0.0006 63.8306
2 100.0000 62.7468
0.0008 50.7058
0.0002 62.7462
2 0.0008 87.4626
99.9995 45.7267
99.9997 87.4626
2 100.0000 88.3984
0.0001 88.3983
99.9999 88.3984
2 5.0000 99.9000
30.0000 99.8999
20.0000 99.7000
2 99.9993 31.0397
0.0001 30.9936
99.9997 34.0083
2 99.9990 57.5689
100.0000 29.7076
0.0010 57.5689
2 66.1359 5.9748
0.0005 93.6076
99.9993 5.9744
2 99.4808 76.9326
99.9999 76.9326
100.0000 76.9326
2 0.0011 74.8229
99.9991 94.8021
99.9994 74.7322
2 0.0003 32.2067
0.0005 83.1260
0.0008 32.2067
2 68.9315 65.9800
26.1944 92.1027
58.6677 87.4206
2 0.0004 45.1799
99.9999 39.0174
99.9995 51.3424
