100
2 0.0001 0.1001
0.0001 0.1000
0.0001 0.1003
2 0.0005 75.2207
99.9994 14.3112
99.9993 75.2207
2 0.0007 50.6801
99.9993 76.7703
74.9870 24.5898
2 59.1081 96.8236
85.9566 98.5488
45.9915 93.5993
1 10.0000 50.0000
0.2000 50.0000
2 0.0010 19.5763
99.9993 74.4631
0.0003 19.5763
2 0.0003 39.5236
99.9995 39.5236
99.9994 68.5404
2 0.0006 7.3265
0.0007 7.3161
0.0006 73.2979
2 99.9994 70.7094
0.0010 70.7094
99.9997 37.7305
1 95.3221 0.1000
21.6047 90.8529
2 99.9996 63.9503
0.0005 63.9503
0.0010 96.1431
2 99.9992 42.5256
100.0000 51.8948
0.0005 33.1564
2 0.0010 8.9854
99.9999 73.3154
99.9997 8.9725
2 99.9991 45.2921
0.0005 25.8310
99.9998 45.5553
2 0.0011 43.3066
99.9990 43.4489
0.0004 42.6636
1 11.4072 76.9727
55.0559 23.1803
2 0.0010 64.2388
0.0001 85.7818
99.9995 64.1503
2 5.0000 99.9000
30.0000 99.8999
20.0000 99.7000
2 0.0010 89.4889
99.9997 89.6688
0.0010 46.5241
2 41.7419 11.3202
93.9602 86.7465
61.2589 78.4661
1 41.2616 37.4234
51.9968 37.4234
2 0.0006 94.1983
22.8989 94.1983
99.9995 78.9904
1 88.8184 99.9000
69.3286 99.9000
2 99.4808 76.9326
99.9999 76.9326
100.0000 76.9326
2 0.0006 1.3512
0.0007 1.3512
99.9992 66.5813
2 0.0001 48.4370
99.9999 48.4370
99.9994 50.9532
2 99.9997 72.9714
99.9994 73.2015
99.9997 67.5360
2 99.9993 30.7787
99.9999 30.7787
100.0000 71.7425
2 0.0001 77.2831
0.0001 97.3911
0.0001 57.1751
2 0.0009 36.1935
0.0011 36.1935
99.9993 74.9551
2 99.9994 82.4690
0.0002 82.4690
0.0006 89.1292
2 14.2199 0.1000
69.1400 0.1000
18.2872 32.4897
2 0.0003 39.1024
99.9995 39.1024
79.0506 86.9940
1 76.0542 0.1000
65.6328 0.1000
2 83.8558 25.6013
19.0623 25.6024
34.8802 84.0068
2 0.0008 5.8171
0.0006 69.5398
99.9996 5.8171
2 0.0002 5.4527
99.9990 22.2298
0.0006 5.4469
2 0.0002 61.4228
99.9991 92.8106
0.0005 61.3461
2 0.0006 40.5416
0.0004 35.7947
0.0010 40.5416
2 0.0006 8.6332
99.9998 8.6245
99.9993 99.0257
2 99.9994 97.2973
0.0009 97.5966
0.0011 50.5050
2 99.9993 14.8496
100.0000 91.3045
0.0010 14.8506
2 52.9213 96.4446
0.0002 96.4446
0.0001 96.4446
2 100.0000 65.1587
0.0001 65.1587
99.9999 65.1586
2 100.0000 75.6127
70.0263 75.6127
27.0364 27.7990
2 0.0005 42.9937
0.0009 43.9230
35.7002 42.9937
2 99.9998 22.4813
93.6004 58.6636
99.9996 22.4813
2 0.0010 19.5485
99.9990 98.0111
0.0008 19.5485
2 99.9993 34.9218
99.9994 34.9218
0.0003 2.3442
2 99.9998 44.9488
0.0006 1.6677
99.9997 44.9488
2 99.9991 83.0491
100.0000 79.1395
0.0002 86.9587
2 100.0000 13.1509
59.2744 21.7653
69.7055 4.5365
2 67.3189 93.1527
0.0009 9.0259
99.9993 93.1535
2 0.0007 42.2165
0.0008 42.4536
0.0002 42.2165
2 100.0000 65.1586
99.9999 65.1586
0.0001 65.1587
2 99.9998 65.5012
0.0003 65.5012
0.0006 8.4255
2 99.9995 28.7422
80.3785 0.1692
99.9999 28.7422
2 0.0010 59.7816
0.0006 65.9803
99.9992 59.7816
2 46.1615 87.7742
71.1270 52.2461
39.4785 87.7735
2 99.9996 55.7519
0.0002 97.1174
0.0006 14.3863
2 99.9991 67.6752
60.5224 84.6334
0.0003 67.6752
2 99.9990 15.3819
99.9992 15.3596
0.0010 85.0832
2 0.0001 0.1000
0.0001 0.1001
0.0001 0.1002
2 0.0003 28.7552
0.0008 7.0819
0.0007 29.0078
2 99.9996 41.9632
0.0008 21.2157
99.9992 41.9632
2 99.9994 64.2912
0.0008 64.2912
32.7503 33.9565
2 0.0004 88.3815
99.9992 60.9897
0.0003 88.3815
2 0.0002 83.8040
0.0007 84.0749
99.9990 81.2278
2 99.9993 55.2969
99.9992 55.2969
99.9997 33.4818
2 100.0000 88.3984
0.0001 88.3983
99.9999 88.3984
2 4.9620 86.8483
99.9999 86.8483
100.0000 86.8483
2 99.9994 79.1846
0.0006 96.5792
0.0010 79.0773
2 99.9994 9.1836
99.9999 9.1740
0.0008 33.4287
2 99.9993 8.3334
99.9996 54.7063
99.9998 8.3231
2 61.4420 99.9000
37.4512 41.0392
68.7693 15.2907
2 30.7625 80.1453
71.8120 80.1453
34.7884 80.1453
2 99.9991 52.5580
0.0008 52.5580
0.0003 41.0993
2 99.9994 3.7613
99.9991 99.2697
99.9999 3.7613
2 0.0007 90.0582
99.9994 90.3225
0.0002 89.7938
1 79.7859 66.3949
46.9911 29.3849
2 30.0000 65.4321
0.0001 50.0000
100.0000 99.9000
2 85.5426 91.1574
23.7459 8.4932
5.7649 8.4932
2 0.0001 34.5260
99.9998 34.8104
99.9995 18.0969
2 99.9998 21.5997
99.9998 13.1609
0.0008 21.5997
2 99.9997 22.1549
99.9991 32.9573
99.9995 11.3525
2 0.0006 71.0221
0.0004 63.3284
0.0006 78.7157
1 79.1494 85.8583
72.8995 85.8581
2 0.0007 49.4988
99.9996 73.5717
99.9999 25.4258
2 0.0001 70.6783
0.0009 70.6783
0.0006 7.7023
2 74.3464 56.0377
95.3316 99.1070
87.7991 9.2733
2 99.9994 41.7320
0.0011 7.6791
0.0004 42.0983
2 99.9998 83.5923
0.0003 84.2617
99.9991 22.0723
2 100.0000 58.3389
12.5729 58.2711
0.0011 67.6260
2 0.0011 7.6693
99.9995 7.2772
42.3474 7.6693
2 0.0007 84.5145
0.0001 84.5139
0.0005 57.4818
2 0.0001 67.6367
90.2826 61.6182
81.5756 73.6552
2 99.9996 24.4023
0.0007 26.1866
99.9991 24.4023
2 100.0000 88.3983
99.9999 88.3984
0.0001 88.3983
2 99.9994 15.8391
99.9998 15.8391
99.9995 64.3055
2 0.0006 82.1208
99.9990 82.1208
99.9994 11.9012
