100
4 3
4 5 6 4
4 2
4 5 6 4
3 3
1 1 1
100 3
65 80 8 65 83 14 25 44 56 8 52 92 78 35 23 35 11 61 86 4 77 35 12 87 94 27 41 92 64 92 41 35 65 35 64 23 44 92 53 90 31 42 35 32 20 74 83 41 60 76 4 58 83 26 70 8 26 26 27 26 70 83 47 41 71 43 53 36 33 87 8 32 49 26 75 50 25 73 2 92 92 15 40 72 27 40 95 19 65 80 49 62 8 29 65 17 76 83 44 56
100 3
35 33 86 2 29 51 52 19 98 8 56 50 41 23 39 38 95 74 35 73 65 93 74 20 24 32 65 44 92 91 96 4 25 15 29 17 97 90 8 61 63 11 36 40 92 38 42 86 11 47 92 83 35 98 14 36 41 56 75 33 56 92 92 19 4 46 18 14 80 84 65 90 86 79 47 46 64 47 18 77 98 82 50 89 43 22 81 78 89 2 59 52 70 92 19 5 67 38 7 96
100 3
82 61 77 5 98 74 84 85 51 88 28 49 55 4 61 41 52 58 46 91 94 97 90 76 11 96 21 54 4 67 82 56 40 1 76 28 22 44 61 34 19 23 77 7 61 8 20 67 64 71 40 8 46 35 73 97 89 1 1 41 76 63 92 40 79 15 85 25 68 38 83 68 36 10 15 19 82 64 32 67 38 67 8 52 68 95 68 73 65 67 22 67 58 67 34 47 31 61 80 15
1 3
40
100 3
70 85 68 71 2 31 43 10 50 95 20 11 91 32 64 89 16 13 70 17 34 95 47 76 16 86 31 22 26 13 83 32 4 97 67 49 55 8 44 67 82 53 16 25 8 91 89 40 89 97 19 56 86 5 82 49 41 43 55 49 97 35 50 55 8 64 89 82 98 97 17 64 95 38 70 53 61 2 65 40 47 76 65 35 1 65 2 5 95 8 73 82 89 34 94 11 2 34 23 77
1 2
44
100 3
40 17 61 5 65 21 31 35 91 4 2 32 29 33 73 44 11 91 56 4 97 40 74 44 2 86 82 95 82 46 44 4 92 67 30 94 32 15 32 26 15 28 7 53 69 77 17 56 14 23 23 95 26 38 29 50 45 34 71 55 50 35 23 92 90 26 97 71 25 59 35 68 81 1 85 5 97 56 85 58 95 2 55 40 9 73 62 20 11 61 9 20 94 77 17 8 17 50 35 52
100 3
88 82 28 15 13 5 97 38 79 95 77 95 56 38 29 44 91 53 41 74 92 31 52 70 26 98 11 70 37 38 17 83 20 18 65 56 59 56 93 53 75 71 91 71 41 80 5 20 28 14 97 59 74 29 23 74 92 37 26 91 22 61 71 47 26 68 47 23 92 76 49 81 20 38 65 80 20 68 83 78 28 17 34 92 77 20 25 25 47 80 87 26 16 25 29 50 28 52 41 68
100 3
76 2 44 98 59 61 35 89 23 17 45 62 17 83 73 88 65 19 83 6 79 22 83 83 62 31 8 80 20 29 74 10 97 29 56 22 44 43 89 11 51 47 98 35 8 23 17 53 79 70 29 35 17 39 94 76 16 44 20 89 26 95 52 73 27 12 47 14 2 20 89 82 16 82 23 2 69 15 7 50 47 29 2 41 7 47 45 25 37 33 65 94 53 53 47 62 56 76 38 11
100 3
47 76 58 44 40 46 61 89 71 13 34 55 4 25 62 17 94 56 79 23 52 61 76 88 47 50 19 64 64 25 29 80 86 10 14 7 61 62 67 42 29 19 58 52 65 20 50 95 10 37 13 70 81 49 5 4 41 10 13 10 82 89 52 82 53 61 68 13 55 74 35 55 16 95 71 53 17 49 74 10 40 92 95 70 47 81 13 16 15 34 34 56 6 34 10 97 82 49 6 13
100 3
74 92 29 40 23 50 20 13 76 80 86 74 97 58 11 85 98 68 70 53 35 7 77 94 85 38 94 74 45 77 79 86 47 59 55 5 86 26 47 2 70 37 6 38 92 2 88 98 81 95 31 29 81 23 20 73 84 4 73 58 2 95 56 57 83 79 74 41 30 91 97 2 29 59 23 89 83 8 8 45 84 29 37 68 65 83 41 45 2 83 64 44 41 70 6 47 4 1 29 40
100 3
68 52 50 47 85 89 71 13 69 43 67 89 31 29 98 91 36 82 76 45 40 24 28 16 11 13 47 82 86 80 36 94 16 58 2 41 22 10 4 94 20 49 95 36 5 80 10 46 4 2 34 22 23 79 22 97 82 50 31 59 91 25 85 38 10 25 6 79 1 70 19 31 94 67 14 77 59 93 8 42 44 66 45 64 84 30 61 13 79 95 19 71 22 94 32 54 71 70 49 52
19 3
67 50 79 82 50 58 10 92 83 91 1 73 97 55 15 1 68 92 49
100 3
20 98 65 29 5 21 25 22 62 34 1 83 32 69 2 56 17 41 13 56 11 86 94 43 67 71 25 97 74 93 86 59 18 3 77 67 49 6 64 43 14 74 1 56 50 43 95 34 8 19 62 55 7 76 71 91 98 62 65 19 71 70 10 98 86 77 17 41 38 65 38 98 12 44 51 92 23 76 81 71 17 94 20 16 46 17 10 97 39 72 21 29 38 41 56 38 26 77 96 10
100 3
80 89 4 8 40 97 11 70 96 10 23 50 1 71 68 41 80 4 74 41 15 47 90 41 24 19 4 85 70 98 36 91 80 89 91 67 62 29 19 70 14 17 49 43 41 85 31 97 79 61 17 33 46 41 56 38 77 48 29 8 58 83 25 8 82 59 38 59 59 23 19 55 86 78 17 71 1 38 74 28 39 50 18 93 66 95 71 65 50 28 81 71 50 20 35 74 98 62 19 16
100 3
70 94 44 94 64 4 25 82 31 1 67 91 70 49 4 43 8 4 32 77 37 91 46 79 47 98 94 37 76 46 91 29 65 47 82 8 61 73 17 58 55 49 88 98 7 56 74 61 71 1 28 43 2 82 40 20 32 1 44 38 56 61 29 44 94 46 11 19 71 76 45 31 49 73 8 73 89 60 50 88 54 5 4 55 91 95 85 34 77 76 52 32 22 53 91 79 76 94 95 10
100 3
83 25 62 5 53 79 25 29 52 37 53 68 29 67 65 5 79 85 47 83 56 80 60 16 92 29 54 50 65 86 74 32 74 86 15 77 82 32 2 23 22 79 78 33 71 94 47 23 38 52 27 73 53 50 24 98 1 79 86 23 29 89 95 23 80 28 17 46 62 79 49 63 23 53 92 37 98 38 1 4 40 87 3 23 43 22 89 35 4 14 97 50 11 86 23 90 59 74 65 59
100 3
2 5 1 88 28 37 47 77 92 56 94 37 83 98 5 43 12 46 95 12 77 82 56 70 20 46 1 50 22 95 62 29 11 18 14 86 52 11 32 63 56 47 74 80 10 3 16 97 7 25 23 80 29 83 40 46 38 5 2 47 65 47 77 77 16 33 94 11 89 38 38 95 14 22 97 94 92 88 52 92 83 32 44 41 40 97 11 89 87 76 79 38 13 8 77 44 65 28 27 66
13 3
98 19 86 10 44 34 20 62 25 1 17 52 10
2 3
20 20
100 3
10 68 60 2 62 95 76 44 80 2 35 55 5 49 80 43 27 35 66 62 68 67 2 3 5 29 16 34 65 16 20 68 56 77 38 89 97 98 91 81 77 19 52 80 29 26 88 88 25 98 68 31 32 4 86 56 39 88 20 68 77 84 97 44 64 11 38 73 13 37 77 53 38 17 70 29 95 78 28 89 43 15 73 65 95 49 4 98 95 98 82 59 29 98 92 89 77 17 74 73
100 3
23 77 62 2 37 79 35 88 50 26 25 2 73 74 65 11 35 71 5 41 8 77 44 87 53 72 77 88 90 56 62 17 39 23 19 50 80 35 13 94 14 76 69 63 14 97 71 76 70 32 64 7 77 97 59 62 97 62 87 65 18 38 56 97 17 41 89 92 5 38 35 44 28 52 94 62 77 94 66 14 98 40 56 23 12 46 71 40 26 35 59 52 65 62 71 59 28 61 32 24
100 3
92 80 59 65 97 91 91 34 73 29 41 73 83 56 49 40 26 82 59 66 33 62 2 12 73 79 13 82 1 73 31 70 91 14 25 58 85 31 94 76 35 1 44 80 34 82 60 4 56 17 40 68 55 31 59 76 31 95 61 20 4 3 16 82 82 92 52 85 71 52 17 85 78 28 47 52 95 31 16 67 13 62 35 94 39 52 97 58 85 55 88 64 53 25 14 91 35 44 64 37
100 3
32 9 38 47 7 65 86 28 44 65 32 37 14 23 30 38 59 29 94 26 32 83 71 72 15 96 38 11 71 2 95 29 14 5 11 34 69 31 74 7 73 59 14 65 88 8 4 50 74 65 44 38 26 17 34 87 50 43 35 44 69 27 62 41 47 43 11 25 87 28 13 64 57 8 65 96 98 86 74 35 62 68 85 13 15 98 46 68 83 27 44 28 91 32 56 8 74 90 10 43
100 3
39 10 7 50 43 44 94 4 17 86 80 83 5 23 60 52 11 95 80 37 58 41 89 77 3 26 88 53 73 41 84 50 72 60 20 32 38 81 93 29 59 48 22 94 44 79 28 73 1 4 56 46 74 32 89 42 21 73 80 37 89 37 40 11 34 22 21 71 2 40 63 79 32 55 44 53 96 74 5 65 11 74 45 76 16 50 3 90 35 55 96 8 71 43 29 19 13 5 92 19
100 3
52 57 31 79 40 11 70 32 76 4 36 89 44 22 73 49 98 52 41 53 43 98 40 86 4 58 98 68 79 40 62 97 69 61 43 79 18 9 41 56 10 52 96 40 6 11 78 64 89 61 58 91 49 8 61 10 61 97 19 42 91 35 79 77 89 17 91 25 52 70 88 63 47 51 37 70 86 47 58 42 55 7 22 37 37 83 88 54 79 85 82 38 61 50 22 34 81 49 22 5
18 3
85 29 71 65 95 52 88 43 51 64 44 97 34 47 5 58 89 80
3 3
29 92 8
100 3
54 22 79 86 82 83 31 88 79 25 91 41 29 31 64 10 79 43 55 67 53 85 76 22 29 2 94 17 67 70 82 1 88 70 52 44 44 61 94 7 88 85 85 68 88 88 94 93 41 4 49 4 95 61 31 13 7 70 51 14 96 53 88 60 31 20 24 37 56 56 29 55 16 34 49 79 62 19 41 34 7 4 89 2 5 88 50 10 68 37 57 82 20 70 19 31 17 94 23 10
100 3
65 73 33 40 49 7 52 77 92 63 31 62 50 19 63 86 34 13 94 26 77 68 15 79 97 40 7 94 58 88 79 58 19 19 91 40 61 46 46 58 68 65 77 77 34 41 64 62 10 90 91 95 40 97 52 88 73 70 20 61 16 76 39 5 67 91 51 25 11 7 26 19 17 23 35 28 31 97 38 25 28 35 53 29 91 70 94 13 39 10 14 73 64 86 64 13 74 1 98 63
100 3
17 70 1 7 87 19 76 82 52 58 64 1 58 92 30 91 34 28 49 28 19 76 97 40 67 38 45 94 61 14 49 37 93 47 8 46 94 52 10 82 24 5 41 93 37 4 65 48 71 47 97 42 40 97 43 61 16 82 70 44 5 88 37 37 16 53 46 95 3 31 40 5 40 16 14 31 79 16 84 46 1 98 13 4 43 38 41 67 53 22 53 23 32 70 46 46 80 27 34 85
100 3
29 77 39 49 32 70 25 29 47 39 68 22 67 2 89 22 20 20 80 80 33 1 31 45 73 31 78 64 95 74 85 91 91 47 40 48 73 95 79 70 76 49 49 2 68 79 87 49 85 68 25 16 20 51 5 31 31 34 19 16 49 22 70 64 70 70 82 85 76 59 91 42 16 53 58 7 75 40 47 22 33 20 58 74 10 44 85 32 32 38 78 28 71 8 64 35 46 21 4 25
100 3
19 78 37 35 8 28 17 43 64 26 52 92 94 74 59 85 6 56 40 1 49 7 39 53 92 82 67 1 89 1 2 5 5 25 69 29 88 22 29 71 30 67 53 10 73 53 10 92 96 50 1 58 41 56 88 62 12 7 16 67 10 39 20 76 73 52 76 67 61 10 1 32 25 21 22 61 98 82 67 98 43 97 55 47 2 70 37 76 38 73 56 25 85 41 38 1 40 91 52 31
100 3
56 71 55 65 38 17 82 98 35 8 90 64 20 8 36 98 50 44 5 17 85 74 33 98 5 85 17 31 2 5 62 95 67 25 98 92 98 8 2 20 59 68 80 71 56 43 68 97 52 98 44 80 95 72 62 5 39 34 67 32 26 50 5 2 86 35 4 60 2 61 17 79 98 83 49 86 38 58 49 8 2 26 38 19 24 41 20 86 19 49 47 35 46 25 38 91 38 87 12 59
100 3
35 90 45 70 17 97 52 85 12 33 97 78 41 83 35 42 15 81 50 63 77 52 35 38 56 30 40 12 15 9 7 71 49 86 98 87 84 39 74 7 70 36 92 78 59 97 70 98 84 51 79 60 6 21 94 12 46 19 63 76 82 83 40 1 30 3 40 68 38 88 4 58 68 45 89 71 90 80 8 28 25 35 19 83 89 39 83 3 59 32 13 59 95 17 10 16 54 30 46 97
100 2
71 75 88 89 75 53 35 65 86 67 34 10 75 38 5 60 23 88 62 68 16 38 85 52 98 81 37 91 21 51 62 66 10 2 33 90 83 13 46 40 61 18 15 14 98 73 60 50 12 20 60 81 92 72 12 97 66 36 44 95 92 92 51 15 18 14 72 87 19 17 55 2 93 12 73 97 21 32 19 49 11 19 13 3 70 90 13 77 38 47 21 43 12 26 63 22 46 57 54 57
100 3
38 46 32 23 6 62 23 91 89 3 74 26 59 14 8 95 38 10 32 56 30 97 41 2 64 86 23 11 93 94 65 59 1 56 91 2 5 41 55 56 92 43 19 4 68 35 56 29 86 94 83 65 74 11 92 53 76 44 14 53 59 83 98 68 48 73 35 22 76 53 56 32 50 31 76 49 11 36 28 91 65 83 32 89 71 59 6 77 80 5 49 32 14 34 47 83 46 77 69 89
18 2
76 23 54 2 13 1 42 98 67 56 24 36 95 85 55 58 90 43
16 3
52 97 81 58 90 50 1 33 48 25 26 17 56 5 28 59
100 3
62 68 89 68 68 73 91 63 72 80 71 29 92 73 89 2 53 68 24 14 89 77 97 50 62 83 53 58 73 43 56 59 61 4 26 44 71 41 5 73 43 10 5 92 62 16 9 82 20 41 35 45 74 44 91 75 44 35 78 61 35 8 28 56 98 20 34 44 14 95 53 14 41 26 89 74 11 22 97 94 48 59 52 44 8 82 77 57 53 91 4 53 86 71 65 26 8 16 19 49
100 3
73 2 38 56 98 35 85 40 79 13 3 50 83 90 29 2 37 97 88 76 8 32 53 92 11 95 59 73 65 8 32 95 35 92 43 29 38 58 92 90 17 95 2 68 40 41 24 44 2 62 68 82 31 98 59 2 23 88 98 71 53 79 47 69 86 82 70 83 92 74 55 49 66 74 5 92 42 56 47 74 47 14 53 1 32 28 77 32 25 19 92 28 21 10 1 38 53 13 28 59
100 3
44 41 93 32 55 92 98 95 98 89 10 51 46 77 83 87 19 85 73 1 80 8 55 15 82 82 79 32 10 22 22 71 91 56 46 94 47 61 85 35 70 93 43 93 35 81 77 52 24 88 28 92 43 58 16 19 43 26 71 68 70 25 42 28 11 25 52 46 10 7 44 16 1 97 38 63 58 82 79 4 75 16 66 47 65 43 70 49 92 62 48 31 70 12 46 59 92 23 95 13
10 3
82 62 49 4 44 89 41 64 23 28
100 3
31 5 40 94 86 80 13 46 85 70 43 68 11 84 49 37 19 37 25 55 83 67 61 34 17 61 85 85 41 9 3 40 2 13 78 9 91 73 46 32 6 4 2 98 38 24 43 32 98 19 2 35 56 82 21 4 70 87 85 19 4 35 53 89 52 28 85 81 47 85 31 22 4 16 93 10 28 7 44 88 8 56 29 16 3 70 55 81 37 8 34 55 7 97 61 91 91 16 22 45
100 3
70 97 71 88 95 17 21 42 70 90 76 74 32 4 80 15 12 52 97 34 61 52 26 82 94 77 73 92 31 34 89 13 21 97 89 70 86 38 91 77 97 25 28 71 68 67 4 68 4 73 47 43 79 40 94 85 56 59 82 56 13 55 7 55 10 22 81 92 62 65 15 49 76 28 52 39 5 87 34 73 54 61 13 71 82 91 98 81 7 37 91 16 1 11 1 87 5 19 79 37
100 3
4 97 25 38 17 16 77 1 4 58 13 57 82 52 64 40 1 70 16 76 48 56 47 8 82 49 37 4 77 80 29 59 46 44 34 89 85 88 40 54 46 52 20 11 55 39 49 70 77 46 11 49 85 41 7 49 29 98 64 79 61 85 52 10 44 89 10 34 25 2 8 44 43 95 67 16 7 10 53 1 65 20 97 85 55 68 79 34 35 37 91 58 73 91 45 37 90 91 77 85
100 3
52 38 3 75 95 23 1 37 59 77 55 85 20 43 34 14 97 46 33 27 88 58 7 97 71 46 58 86 46 55 19 34 83 23 92 7 4 62 38 92 94 79 88 58 55 73 37 79 70 16 73 7 46 79 46 40 52 79 79 27 22 56 76 25 59 71 20 34 95 7 76 16 61 4 37 58 54 94 32 83 64 37 58 1 89 28 37 50 8 79 33 46 61 53 58 80 75 25 32 19
100 3
59 95 98 41 46 46 82 59 8 77 67 80 65 97 50 85 65 36 84 11 54 22 26 32 54 59 86 60 2 92 61 8 23 56 6 38 27 44 95 65 2 11 29 52 38 7 73 79 97 76 41 11 22 18 86 89 34 50 2 53 96 56 26 41 55 73 53 63 14 40 89 11 5 36 10 10 66 17 53 92 77 76 89 59 77 25 62 56 95 26 95 16 41 77 80 32 66 23 20 4
100 3
94 94 97 70 79 35 37 79 1 3 61 6 1 85 70 56 28 49 82 31 37 97 28 70 97 49 4 70 91 94 39 19 42 16 18 22 68 10 70 49 97 35 33 6 97 98 31 51 4 31 34 41 77 25 7 79 2 48 46 8 25 37 22 28 34 28 79 86 34 67 85 49 88 49 10 42 96 70 22 79 34 5 91 25 55 46 97 94 61 73 76 4 92 32 28 20 24 7 73 67
100 3
58 88 91 4 75 15 43 98 73 58 1 34 70 97 91 32 34 50 4 14 79 4 7 73 26 81 1 64 38 57 67 43 40 46 1 42 22 49 65 22 61 76 8 93 1 37 13 80 43 82 22 82 33 77 10 55 77 31 28 85 65 63 31 53 76 43 53 53 42 85 18 55 22 4 79 43 43 20 97 52 41 17 86 88 43 19 88 74 68 50 8 46 20 13 92 17 64 29 37 72
100 3
61 56 53 76 29 11 35 47 82 1 49 4 86 40 50 74 11 61 86 26 26 13 20 70 92 35 35 89 35 80 8 68 20 14 35 92 2 95 13 83 15 56 53 34 42 83 77 79 16 95 50 17 31 80 8 17 23 35 26 89 59 32 23 85 35 68 26 70 68 76 25 4 53 89 73 68 58 17 91 50 23 43 11 44 53 19 55 65 5 17 35 93 50 80 41 80 55 86 33 32
100 3
64 28 50 76 34 25 4 7 34 12 33 3 57 4 11 77 73 91 48 75 25 4 94 70 4 34 40 1 34 4 29 7 26 46 76 49 61 47 88 35 25 79 95 40 73 43 73 4 8 77 87 79 10 47 26 86 89 67 25 95 40 91 70 17 72 13 35 25 59 4 21 55 65 26 34 5 74 49 5 58 97 97 85 98 76 40 20 61 49 73 94 43 21 19 78 22 53 24 46 75
100 3
43 2 2 25 97 61 22 55 77 20 2 44 20 70 7 56 67 8 41 8 37 23 3 80 91 73 62 43 44 2 2 38 94 23 52 2 8 43 12 26 37 14 29 26 43 31 14 58 20 89 65 80 34 8 32 91 38 98 50 22 88 13 1 23 14 23 40 2 44 59 59 62 46 29 84 20 83 93 77 62 19 83 20 65 87 74 48 58 9 38 71 82 41 38 71 23 3 95 8 30
100 3
80 76 90 22 59 88 62 58 85 19 61 52 19 84 52 31 43 34 62 28 14 47 40 34 85 8 7 22 53 37 59 70 86 19 13 82 35 65 61 16 97 34 67 50 31 85 29 13 19 69 91 31 88 48 58 94 68 1 70 49 71 1 61 40 57 74 61 22 16 67 25 67 35 29 1 73 83 51 80 67 69 71 4 62 76 5 82 84 79 8 8 40 20 49 95 22 53 94 13 47
100 3
10 13 28 37 50 49 20 4 92 25 47 82 79 43 55 10 76 52 20 31 25 16 67 4 70 13 79 51 98 67 7 96 4 10 4 40 88 12 60 17 31 29 97 25 58 4 38 11 49 27 26 15 76 46 76 40 34 14 37 89 22 34 78 74 63 25 31 52 66 85 83 67 40 19 70 19 52 76 20 28 79 49 58 56 13 25 88 77 46 91 15 19 94 16 50 7 14 85 46 76
100 3
5 27 88 2 92 7 7 2 59 32 92 17 21 88 38 92 86 4 19 32 92 73 95 59 77 20 5 94 50 55 79 4 95 2 38 95 92 3 38 83 90 7 95 68 88 92 11 68 35 83 43 75 32 89 31 44 35 83 80 53 28 40 5 23 26 50 31 59 92 89 10 35 35 33 10 80 37 11 11 61 73 23 31 20 59 41 32 59 68 74 82 52 62 44 29 31 97 29 29 20
100 3
58 91 44 82 2 83 44 58 25 77 28 73 62 8 48 76 71 31 46 8 94 32 13 36 8 32 41 57 42 81 91 73 47 59 88 31 56 97 40 93 10 54 10 91 61 73 13 13 55 25 7 52 67 87 69 50 7 19 29 36 70 16 55 88 41 50 46 66 16 4 91 73 82 77 58 87 97 10 67 28 26 79 22 55 15 91 91 4 42 36 73 62 59 46 37 6 55 68 88 40
100 3
17 73 68 60 11 98 83 64 95 44 74 8 5 62 37 55 59 50 17 44 68 82 95 50 22 35 28 32 9 21 84 11 94 74 50 5 96 83 4 47 89 56 23 2 19 46 79 73 80 59 7 67 41 4 44 41 73 29 8 97 77 64 85 5 13 86 35 8 64 28 6 90 19 83 24 53 73 38 14 43 44 49 88 5 7 85 59 14 26 65 47 5 71 38 89 50 97 52 68 31
16 3
76 92 79 97 22 46 58 44 80 92 77 46 31 61 98 22
15 3
97 47 8 86 82 40 53 55 46 88 94 81 17 31 10
100 3
68 68 35 23 83 32 8 52 44 37 64 89 94 88 33 22 26 34 80 53 98 46 77 34 86 65 16 70 15 41 23 35 49 47 47 57 82 2 18 25 72 96 16 98 17 22 92 29 71 74 14 50 74 62 43 74 19 44 98 8 71 11 51 83 78 72 16 73 3 74 68 13 16 15 32 14 86 17 41 44 45 7 64 41 10 26 26 4 64 29 72 5 88 98 80 71 80 98 19 35
100 3
49 10 16 91 34 17 13 85 36 40 94 79 29 49 8 56 43 91 8 62 31 38 28 91 8 34 5 91 61 43 40 20 49 80 86 22 14 59 40 34 34 1 23 46 18 56 10 89 52 73 43 7 53 85 47 91 4 88 1 62 66 73 50 29 72 67 14 23 40 61 25 16 22 46 6 13 25 19 49 15 70 25 82 22 94 13 52 97 83 91 67 22 61 17 79 79 7 79 19 7
2 2
41 5
100 3
13 95 55 72 41 18 23 1 98 70 33 45 35 5 32 86 68 45 8 42 2 44 50 25 53 46 48 26 17 31 65 42 38 11 38 1 23 86 94 44 36 64 80 47 80 25 68 74 65 35 56 75 41 24 41 74 35 25 67 10 68 65 28 31 40 35 74 93 35 21 55 25 93 20 59 2 74 36 46 8 53 22 92 41 35 91 13 81 95 77 4 41 10 26 13 43 26 47 5 17
16 3
48 89 27 17 78 15 91 68 67 4 19 31 26 87 68 59
1 2
91
100 3
52 25 95 49 83 53 27 26 61 53 8 32 98 41 20 52 33 59 35 92 14 50 35 8 4 2 53 32 17 73 5 17 13 68 74 37 58 86 29 66 98 25 76 47 80 22 68 77 10 20 59 32 48 32 8 77 16 38 53 26 35 74 11 95 8 22 95 2 32 16 44 6 24 32 31 88 66 74 64 98 65 41 5 88 14 45 80 53 65 35 95 31 56 26 65 42 5 8 40 23
2 3
76 73
100 3
9 11 94 97 11 10 33 92 47 12 77 67 98 22 46 54 37 7 8 26 1 47 49 82 83 91 32 38 20 68 27 95 62 72 11 23 98 71 97 86 77 19 34 89 53 31 68 44 14 67 50 44 43 74 83 56 38 54 14 54 15 23 26 71 59 16 86 19 50 79 91 76 32 77 23 56 92 53 63 95 73 98 59 31 62 74 92 91 8 23 97 92 88 38 20 71 4 95 44 40
1 3
47
100 3
75 85 95 35 31 65 1 43 19 83 97 38 44 55 70 65 7 46 76 48 46 79 83 94 3 19 46 48 21 59 50 70 13 73 25 85 22 25 28 17 91 94 61 19 73 12 91 73 76 86 47 94 5 22 41 10 1 16 63 58 97 31 16 77 70 37 55 20 91 57 92 28 4 63 67 25 5 68 23 43 76 44 76 22 76 19 1 10 74 13 52 49 21 28 88 19 59 92 34 76
26 3
87 13 4 85 37 98 91 37 75 50 9 14 68 67 85 49 85 82 25 2 63 48 52 28 65 37
17 2
70 47 78 65 33 78 23 99 60 26 60 66 93 50 73 42 70
100 3
47 1 19 5 64 84 50 60 47 61 16 19 49 62 94 53 94 59 49 25 98 91 1 34 13 49 28 22 98 49 58 49 89 32 44 32 89 80 10 88 31 97 8 15 13 78 16 22 91 70 46 60 31 64 39 2 13 20 88 84 58 83 67 34 38 52 70 23 58 68 25 19 7 50 55 90 64 38 4 13 61 70 53 79 85 26 64 62 67 74 86 69 76 10 79 37 43 46 51 35
100 3
52 8 78 18 41 61 16 43 60 53 9 56 38 26 49 41 60 49 17 95 67 20 50 83 98 2 44 52 47 95 20 86 62 83 86 20 50 14 71 48 56 76 78 33 94 8 70 26 15 59 80 17 67 90 88 16 35 7 26 7 14 24 89 2 54 13 17 14 14 95 20 94 32 83 25 2 56 65 37 64 82 90 83 5 59 18 95 22 70 11 67 21 86 3 58 80 71 35 21 67
100 3
41 43 32 7 5 77 37 43 85 89 92 22 55 47 68 56 59 28 26 26 89 35 41 79 22 44 41 35 26 5 79 77 44 59 7 52 71 26 80 92 25 11 52 68 61 41 41 71 67 23 1 55 2 19 59 79 91 49 7 31 47 82 34 67 43 1 68 58 35 50 61 65 95 28 7 35 80 89 43 79 11 94 73 70 17 65 97 98 31 74 20 68 85 94 26 88 14 11 77 10
22 3
38 83 79 9 60 52 40 35 78 92 37 98 83 76 68 62 23 80 35 38 83 16
100 3
68 32 14 1 47 77 71 38 86 50 5 62 69 24 81 5 14 74 11 76 78 22 77 56 94 98 29 25 71 32 8 26 45 98 8 50 2 65 71 32 8 76 92 20 16 41 13 17 41 10 62 38 64 8 55 66 56 1 89 92 79 1 29 7 88 72 48 4 29 33 68 65 26 43 14 2 74 74 34 73 14 74 88 85 12 56 71 68 80 94 8 92 16 35 65 8 23 53 41 55
100 3
55 73 25 5 4 40 34 86 68 49 31 85 88 31 37 73 4 2 53 72 49 37 19 1 89 26 4 37 10 23 65 55 61 92 97 47 61 93 70 32 61 30 82 22 44 88 52 23 80 58 4 92 97 14 91 74 5 37 7 6 13 4 39 72 72 79 37 13 58 49 89 12 54 1 55 19 58 65 79 34 79 97 22 73 11 93 94 77 33 86 79 80 67 59 59 2 27 50 79 49
100 3
7 67 64 29 73 20 82 44 63 54 7 43 22 46 33 82 89 37 93 74 40 74 18 46 76 74 24 12 49 82 2 49 85 94 79 13 70 37 82 26 34 40 35 94 21 91 73 88 86 16 94 71 91 9 37 82 87 22 69 82 71 29 40 31 12 91 24 85 97 10 2 31 34 25 91 19 3 50 92 71 13 21 49 94 97 11 59 55 61 67 43 31 28 92 37 31 35 70 13 43
100 3
41 58 68 18 53 96 62 35 53 20 2 8 1 89 49 11 19 92 41 84 28 20 85 14 47 13 68 65 47 1 86 53 55 98 95 12 58 87 1 89 53 23 65 20 94 25 56 35 19 25 8 8 23 5 44 83 77 20 1 47 77 65 85 29 49 11 26 77 5 40 97 79 68 44 40 14 86 89 89 31 62 91 80 86 26 25 76 2 80 68 26 56 77 19 29 35 30 18 15 46
100 3
28 65 26 1 31 11 46 62 85 65 82 35 55 17 13 85 83 53 67 31 40 22 50 47 13 92 64 65 29 17 20 85 40 86 61 82 67 22 84 29 8 47 56 66 65 31 79 79 61 40 60 55 67 25 80 37 70 25 12 79 19 6 44 61 78 14 88 16 73 40 94 88 14 29 40 47 93 97 64 14 17 98 47 89 40 58 65 97 73 52 14 64 98 95 11 80 70 41 52 34
1 3
51
100 3
31 76 55 67 76 31 86 91 58 94 17 43 97 91 91 19 26 49 94 46 94 73 49 2 34 37 7 76 97 88 22 25 26 65 6 8 61 46 70 81 34 86 59 88 37 16 19 34 86 54 72 31 49 4 61 79 89 95 91 52 94 40 73 64 35 3 28 13 21 68 25 1 10 59 94 22 92 31 57 95 35 31 76 16 64 68 89 76 91 19 29 40 58 70 20 71 73 70 91 91
15 3
97 44 28 76 44 50 35 60 47 70 68 19 5 76 52
100 3
11 91 89 7 56 14 18 28 98 2 59 2 13 26 41 37 72 17 13 26 80 82 59 20 23 43 76 71 50 62 96 13 77 86 2 14 71 53 17 57 38 11 2 20 11 83 56 47 68 58 57 32 62 43 80 83 91 92 85 83 10 3 32 80 3 19 25 17 35 95 98 23 17 71 7 86 32 41 56 90 8 47 46 47 71 26 5 80 15 44 47 86 59 41 31 7 53 56 43 89
100 3
78 46 67 1 88 66 44 68 44 88 9 77 74 5 35 11 70 76 97 23 5 6 31 83 10 86 94 8 35 23 72 2 44 46 87 46 55 43 19 56 41 74 95 73 83 77 95 47 8 35 70 62 2 82 52 8 92 65 20 8 52 29 76 62 83 58 80 44 5 40 14 7 53 47 50 58 14 89 10 62 23 41 76 41 91 98 53 5 53 74 20 4 89 62 15 53 62 56 68 86
100 3
25 58 59 26 84 47 17 50 3 71 53 33 65 73 47 11 19 88 95 48 2 32 57 68 20 20 74 8 58 19 92 93 76 29 56 67 44 11 97 95 81 20 29 65 86 59 53 3 11 14 53 39 38 19 7 80 55 76 26 70 31 8 89 25 62 64 50 25 50 20 77 45 57 4 38 20 81 73 32 45 23 53 53 16 68 53 24 79 64 44 73 65 58 29 98 10 59 52 92 56
100 3
88 7 71 92 8 20 73 49 76 82 8 55 44 61 10 97 39 85 63 86 83 34 62 38 54 31 10 29 97 94 65 29 79 2 64 46 25 52 67 20 64 25 42 76 22 66 10 10 1 82 77 95 67 91 58 19 22 13 34 64 59 88 68 7 62 94 71 34 82 76 56 49 31 16 71 5 12 85 37 46 73 10 55 62 95 47 38 20 19 11 79 76 57 82 8 46 58 88 39 80
100 3
40 22 40 20 26 55 19 80 32 31 62 80 64 22 97 37 32 73 75 50 31 47 4 13 43 77 52 8 62 76 22 1 64 70 43 91 61 10 73 52 94 4 46 88 91 68 26 59 91 11 49 13 28 49 25 45 25 82 67 34 52 55 28 52 50 29 16 58 49 53 73 98 67 10 49 88 54 5 5 80 46 32 13 1 58 22 40 40 95 61 80 34 52 98 26 88 47 38 57 61
100 3
56 10 14 59 73 20 56 16 89 2 23 97 11 93 31 26 30 8 47 32 41 65 76 31 87 80 88 17 10 77 40 95 50 90 61 5 40 29 74 17 5 53 17 83 78 26 19 58 80 13 56 72 83 37 90 23 20 41 17 46 77 9 22 17 91 62 76 59 63 14 41 20 1 80 88 50 17 86 53 95 16 64 4 50 35 50 56 67 92 89 95 80 8 77 74 77 50 83 71 35
100 3
26 38 14 95 14 71 20 59 68 95 59 11 80 12 67 49 95 86 86 74 56 26 25 17 68 7 22 41 89 62 94 31 71 79 2 22 92 79 44 62 79 62 16 35 80 83 65 80 50 87 79 98 26 43 79 42 15 64 50 83 41 62 95 11 62 80 78 14 5 36 13 59 62 55 40 65 37 95 46 47 43 98 40 2 83 26 53 2 85 88 95 80 56 26 47 20 47 5 83 25
100 3
5 3 44 71 20 23 50 34 17 59 44 40 73 98 80 16 67 95 11 79 45 35 9 47 21 12 32 38 2 7 8 56 49 55 53 58 20 80 29 8 23 4 89 11 12 68 61 80 58 70 4 55 8 2 19 69 20 50 65 74 44 46 90 55 31 89 1 88 2 74 83 16 2 71 50 62 82 61 1 74 2 83 71 11 50 97 38 73 98 46 35 55 44 35 20 41 12 92 76 96
100 3
74 20 13 74 22 52 29 41 32 71 40 38 51 44 74 23 68 76 43 65 86 1 97 20 15 59 44 77 85 97 65 59 59 65 55 98 35 77 65 47 82 2 13 37 89 10 7 55 29 77 80 79 92 92 31 74 25 47 98 44 77 74 97 58 61 62 5 41 26 35 29 76 40 59 83 98 15 51 87 96 26 32 8 71 1 23 47 52 21 83 89 66 61 61 73 35 14 53 55 58
19 3
55 41 91 52 38 17 26 56 49 1 26 35 23 34 17 49 40 44 14
100 3
68 49 76 17 37 77 76 87 84 31 80 20 13 23 59 35 28 85 92 31 83 26 67 55 16 77 64 7 52 64 53 69 44 68 56 20 64 24 53 43 28 43 49 55 28 97 67 14 66 65 62 63 58 4 40 51 70 88 71 37 22 52 37 90 53 12 97 98 19 97 70 63 94 32 71 82 37 39 41 67 40 39 11 85 55 38 21 38 84 85 13 97 52 52 7 34 52 7 43 15
100 3
14 5 57 50 49 88 4 38 17 11 61 83 74 14 23 1 85 34 62 38 47 43 17 22 91 72 89 77 59 62 56 56 25 96 25 83 31 42 32 58 74 83 56 41 71 65 32 76 53 95 56 5 6 83 1 50 47 80 28 94 46 77 38 41 49 41 30 13 71 51 41 91 97 20 58 36 11 23 10 37 12 50 74 79 68 11 11 86 69 38 16 32 49 67 23 26 31 95 62 94
