100
969638545 193924529 573654425
304 442 294
513 513 256
203 4 29
45 56 35
1 1 2
491 336 574
523 606 846
5 3 4
771 203 28
638 940 878
577288282 787450861 629152704
442 230 79
738 165 138
5 1 1
536870911 536870911 536870910
552 392 171
789 243 194
936 776 557
1 1 1
512 512 257
863 921 795
125 77 53
4 1 2
5 2 1
84 680 72
709515405 105064840 360785155
3 3 2
491 127 47
513 513 1
65108864 264204264 423672244
638 103 65
887 574 865
103 143 88
536870911 536870911 536870911
2 1 5
747658943 115974066 223337012
103430584 514046921 445550853
687 496 335
949372879 91335202 300146150
5 1 2
577454266 172479330 821585695
868 5 5
504 773 168
106 237 54
495 68 29
512 512 1
968 801 735
4 4 3
7 8 5
961 78 944
1 1 1
1000 1000 1
2 1 4
960 941 295
161 525 83
249842658 880126306 345627610
896104685 148254290 198049310
810199704 693428331 937581532
668 580 102
459306069 442049368 606688220
540 983 154
836 403 223
447 972 223
2 1 1
817 59 26
121 485 817
778 576 699
1 2 1
669 205 6
925291207 602517440 675505305
605 632 207
312 472 104
489 75 7
512 512 513
409363051 821660968 694031691
513 513 512
4 4 2
571 743 94
1 1 1000
1 2 4
1 4 1
513 513 257
3 4 2
4 1 2
627 456 604
512 512 2
742 975 230
158 362 157
4 5 2
4 4 4
1000000000 1000000000 1000000000
27183536 275127331 422129187
1 5 1
830 286 41
513 513 2
4 3 4
512 512 256
628 666 698
282 768 200
