100
171 249 485
645 618 727
700 72 230
160 587 291
1 1 5
4 5 4
150 740 46
512 512 256
882 640 398
4 5 2
719 742 43
583 67 273
556 543 427
466 681 258
2 5 1
30 310 9
103 143 88
719 793 197
73 946 60
5 2 2
122 569 25
2 4 1
297 921 534
171 144 101
3 2 4
59 479 896
565 663 584
235 352 5
4 5 4
474 28 943
173 259 55
359 598 294
1 4 4
83 235 112
228 189 957
472 122 4
161 511 114
271 868 618
2 2 2
690 979 735
817 775 778
4 3 3
4 1 4
4 3 2
1000 1000 1
1 1 1000
1 4 1
645 608 450
104 163 80
244 136 85
512 512 1
837 462 818
909 173 160
965 289 882
3 5 2
224 281 104
512 512 513
315 206 179
512 749 331
513 513 1
1 1 1
748 369 203
798 665 632
513 513 2
26 290 375
403 508 135
514 5 939
504 888 2
513 513 257
7 8 5
102 752 34
747 847 875
276 287 207
943 341 357
1 4 1
926 831 931
512 512 2
559 676 518
607 308 979
898 767 324
45 56 35
221 638 390
512 512 257
850 532 443
424 817 438
324 243 177
3 4 2
659 448 257
398 514 123
513 513 256
1 2 5
513 513 512
311 995 33
351 659 130
5 2 2
4 1 2
673 224 238
172 677 86
3 3 1
4 1 1
