100
3
670696026 543802609 666807898
10
901 858 633 358 98 228 396 708 890 984
10
882 839 458 332 172 297 345 760 847 932
10
8905519 303733 7300518 3302096 1341483 2650613 7223990 1329673 1697516 9442373
6
394 299 19 173 321 588
4
448935523 32794914 933126068 694394844
9
100780825 51656438 809488213 132526394 321054029 615601794 373906136 865182420 943672096
8
8832 876 9019 7823 1963 2591 1289 4847
9
52 848 836 815 763 622 425 322 194
10
9922 8308 347 205 3163 5411 5810 4506 3957 7707
9
450251191 227949088 157964438 958379768 264965062 444867980 676207023 420729406 276011150
10
9750 9457 1284 3578 9254 8003 2689 6493 8760 4353
9
2132 3044 2585 8806 63 7721 5022 1891 9566
3
1 2 3
9
4344 872 2753 73 3341 189 1967 4494 345
9
8929 6064 8612 5091 8317 272 3886 8105 9602
4
2766834 6916586 5913609 2972238
6
747646424 605121903 810222290 912189846 33185481 597529150
6
456 286 199 239 428 737
8
954 482 145 35 87 426 556 958
10
267118464 562161073 234196658 541769519 599940033 834954012 13947130 420521894 99763099 449764122
10
1204 4928 709 4948 274 7645 20 4467 529 7944
8
2823128 1808300 6653343 1138448 9427571 1094871 7465238 9169357
9
57139185 231194505 177276949 711300589 892848239 808516237 178745091 654723101 630581319
9
4148 1172 3674 146 3540 7762 1168 4063 7756
10
409210816 173887609 507668852 992232739 35692897 225064599 140449390 461886555 273689968 196717906
3
834359911 728603700 809840804
3
16 722 489
10
926 577 443 363 185 225 442 532 621 943
7
107606275 337810285 18928046 36150977 162579138 452902769 291248150
5
701 267 110 228 632
10
8026 6577 2104 5170 6740 2992 3364 3124 6413 2129
10
892 557 518 223 34 39 315 543 873 998
10
796920361 649393885 586567235 289455893 635943031 372237327 309164953 864694956 241504695 217482220
10
556 498 383 327 82 128 357 386 533 970
10
4922 2793 2166 2110 1575 933 46 482 5895 9154
6
891757290 988221729 834617322 325041322 503676847 118318202
8
145 3163 417 7526 7809 7561 2731 8202
10
901371236 836763655 357349080 404967586 115939570 320231908 507661946 941798979 15203609 469845131
10
496926305 730295605 941931736 579179149 990977276 943164217 803762715 112467182 767484943 473919053
9
3709 3340 3883 6586 1510 138 191 465 9086
4
862 64 369 881
8
5474 5319 3986 6507 7488 2040 1122 9571
8
7988 7280 1379 4100 3062 8696 4995 2695
10
5551 8358 8873 7606 3349 7174 7724 3406 1564 9038
10
505289967 922450944 285768485 474599024 492566229 790312865 855582660 191256945 553721484 535629477
3
207 575 871
8
299 126 4949 8507 5342 7156 4107 8089
5
414482294 122645463 946628680 37200875 796444171
10
630457821 906035132 387687542 318106867 447729057 753119891 737157503 810123906 945967462 884920214
5
1 8 10 3 7
9
75 78 956 946 923 868 756 95 90
10
9494 7307 3526 7707 5628 5355 1808 626 6497 8691
4
800 476 520 877
9
540821096 512301887 105079428 372817342 885779282 205864610 47079274 687719256 146681259
8
4521 7322 7964 4041 938 281 11 8286
10
773 622 392 179 13 48 249 567 649 784
5
970 549 528 431 116
10
857426539 324832306 99740831 784375275 699053849 116271408 135909116 12508905 522118942 464681175
8
149 155 275 914 731 704 567 331
8
492716957 438234064 319152840 962643519 87500384 812276142 19056687 223789386
9
4622 6185 7098 485 3610 4565 6142 2257 6938
8
5215 328 2493 8723 3668 113 1771 9108
8
9354795 468954 3289781 9351491 606811 7492671 8305247 7540051
8
4093325 3167778 5173398 1519972 7939669 6727570 3970061 7422975
10
9795 1757 8995 5989 9549 7697 348 1897 23 3653
8
8897 491 7913 6746 307 7756 6125 8116
9
34 184 246 316 386 480 784 552 487
8
382 4772 1763 6262 4914 421 1617 8424
10
880806977 89727601 373384251 275330349 367976949 775220510 754406151 815788031 782440324 896266665
9
299222390 637308730 597229740 130123457 703041605 311364940 778644231 284423308 89956059
8
4031 3242 880 1400 9115 2063 2166 7928
10
864 735 640 359 108 248 564 658 789 974
4
330 935 722 520
9
9061 1048 3489 2609 6012 8620 70 4708 9270
10
849 390 291 44 12 16 211 295 790 933
10
640 476 472 157 23 39 404 474 534 984
5
928014006 704548451 632533753 761714980 429159338
10
880257982 378151925 641416052 709879874 782197640 851547322 200080929 407066180 222848822 541229983
10
290833860 377065168 379378501 412277031 887232931 116513375 176296566 994953164 647266135 389553830
9
862128921 194948545 896693289 976142789 596192835 529095105 239901612 519327840 287014773
3
753 561 693
9
9985 7406 1692 8089 8902 4965 7272 155 2978
7
961 732 246 46 95 667 848
10
745 605 247 96 3 40 111 391 743 957
7
641648968 100361591 319685543 873381601 907931843 319329692 524332501
1
438865438
5
525889403 477249027 405690117 13870703 401057893
9
9340843 8607145 641171 1151720 7053567 6953416 1923294 1418375 5403353
8
772 762 567 496 498 684 770 850
10
8651 4930 949 8759 7928 1183 3342 3024 1188 5252
10
190456277 771081831 218212032 977482195 722431679 180449994 632941798 114358429 305476766 91399986
10
518010517 878187026 501229847 875221037 429189171 701369790 908439952 847319323 190217728 606437774
10
931 674 315 75 1 64 128 359 772 941
3
469 843 709
10
7379 1028 7403 1353 7177 1230 1938 4274 3556 2002
10
895 698 554 508 90 100 517 571 719 974
10
871 518 199 58 30 49 156 307 737 884
10
1589 9751 6166 1490 2844 8623 4133 4331 1403 8670
10
8255 2995 196 165 7277 7215 6399 8525 7610 3243
